1771
1590
2643
3680
2859
3081
3204
3439
4001
15201
16170
21077
15602
15789
15129
17412
17621
15057
16820
16606
20644
20790
17866
18168
18492
18557
29026
30873
20531
19989
20132
62387
65308
68560
66931
80651
80617
74461
79425
78114
79444
79317
74853
86600
80243
79513
78119
95296
91891
87686
82793
90639
83049
105586
104451
101371
81119
83186
89373
88073
89685
85829
88237
87536
90524
85787
89235
93344
84869
91048
87630
91804
94841
86745
96862
96096
112676
103853
88925
111816
106144
101360
119780
129403
126388
111164
122951
114744
106737
109317
197767
227469
216017
183719
176358
183125
287978
292759
270888
