46052
35880
35268
44120
223232
186149
195058
245933
273117
494000
630084
501806
554148
335552
974741
900567
948556
1021480
1182097
1006104
1179271
1273236
1339655
1544872
2038116
1855917
1920009
1685387
2236310
2673228
2194853
2571766
2771202
3135607
2736884
2779461
2941382
2991798
3269331
3732403
3298162
3656889
4398319
4485667
4395340
4339956
4978259
6299742
4543510
4792706
4993214
5291458
5431824
5417863
5592339
5424641
5303020
5250529
5524325
5543112
5248206
5375501
6071067
6975625
6138072
6382264
6865790
7146798
6526667
6663649
6984181
7479191
8890472
8166976
8542926
8939081
7851888
8435561
10277482
9558728
9420720
9467801
12387470
9363884
10912604
11704657
12900872
11097534
12416127
14001096
12371277
12355523
14587067
13124711
14355388
15548617
14728545
14233252
14982692
16321605
